3.465965869511821174e-01
5.627996016357285081e-01
-9.743483915353965408e-01
-3.397535962735720450e-01
-3.023738126181481634e-01
2.673140572757020106e-01
-1.981217067852154845e-01
9.603886199667886758e-02
-8.134579047500517524e-01
1.089205948512302013e+00
2.876168028831186385e-01
3.714822541823514790e-01
-4.216470332123582465e-01
5.634441903449106670e-01
1.399796781258332734e+00
-1.142219388867850238e+00
1.933586047939648056e+00
5.363530725909018138e-01
-5.350925175513150389e-01
-2.118377977865170958e-01
6.952561964096324321e-01
-3.597594427271988970e-01
9.407783785842733781e-01
-1.685000669396773954e-01
1.571999778764831268e-01
-4.787227872463693523e-01
-4.118497053631688942e-01
1.556066166087096025e+00
1.031609923737280443e+00
-3.293614156578272834e-01
-4.591657619429280746e-01
4.650512861997671554e-02
6.619937248822095333e-01
1.241332784663216504e+00
-2.380402075567151776e-01
2.720438537942504453e+00
5.482066256345832889e-01
2.025747316061728753e+00
1.884664169160627178e+00
2.264573729346535558e+00
-1.682549811747859891e-01
-5.687028834173752934e-01
5.436410257574446625e-01
1.711581122693981216e+00
-1.393531185922629867e-01
-1.142680088174580888e+00
-2.256517849080303117e-01
6.256344112610328079e-01
-5.688999259288751720e-02
-1.133763726180421649e+00
-1.881033098587721053e+00
2.069969497044158668e+00
3.935895504804821088e-01
-5.050430393886556901e-01
3.096961354410251444e-01
2.402229896352878202e-01
-6.328263380480445566e-01
-1.184902357938895923e-01
1.064493470131603781e+00
5.251426193686959953e-01
1.464160536048411121e+00
-2.224700348065863642e-01
4.502812500430515841e-01
-2.039413068786301686e+00
